0.000000e+00 3.541761e-04
1.000000e-11 3.570747e-04
2.000000e-11 3.601541e-04
3.000000e-11 3.634175e-04
4.000000e-11 3.668683e-04
5.000000e-11 3.705097e-04
6.000000e-11 3.764551e-04
7.000000e-11 3.827339e-04
8.000000e-11 3.893517e-04
9.000000e-11 3.963146e-04
1.000000e-10 4.036284e-04
1.100000e-10 4.104924e-04
1.200000e-10 4.147711e-04
1.300000e-10 4.191873e-04
1.400000e-10 4.237429e-04
1.500000e-10 4.284395e-04
1.600000e-10 4.332662e-04
1.700000e-10 4.361227e-04
1.800000e-10 4.389844e-04
1.900000e-10 4.418505e-04
2.000000e-10 4.447198e-04
2.100000e-10 4.478468e-04
2.200000e-10 4.517990e-04
2.300000e-10 4.558187e-04
2.400000e-10 4.599059e-04
2.500000e-10 4.640606e-04
2.600000e-10 4.661856e-04
2.700000e-10 4.682597e-04
2.800000e-10 4.702724e-04
2.900000e-10 4.722216e-04
3.000000e-10 4.741053e-04
3.100000e-10 4.735738e-04
3.200000e-10 4.725677e-04
3.300000e-10 4.713201e-04
3.400000e-10 4.698256e-04
3.500000e-10 4.680789e-04
3.600000e-10 4.660746e-04
3.700000e-10 4.659050e-04
3.800000e-10 4.655988e-04
3.900000e-10 4.651530e-04
4.000000e-10 4.645647e-04
4.100000e-10 4.638309e-04
4.200000e-10 4.652964e-04
4.300000e-10 4.667597e-04
4.400000e-10 4.682208e-04
4.500000e-10 4.696796e-04
4.600000e-10 4.711358e-04
4.700000e-10 4.725895e-04
4.800000e-10 4.740404e-04
4.900000e-10 4.754884e-04
5.000000e-10 4.769334e-04
5.100000e-10 4.783753e-04
5.200000e-10 4.798140e-04
5.300000e-10 4.812493e-04
5.400000e-10 4.826811e-04
5.500000e-10 4.841093e-04
5.600000e-10 4.855338e-04
5.700000e-10 4.869544e-04
5.800000e-10 4.883711e-04
5.900000e-10 4.897836e-04
6.000000e-10 4.911920e-04
6.100000e-10 4.925960e-04
6.200000e-10 4.939956e-04
6.300000e-10 4.953907e-04
6.400000e-10 4.967811e-04
6.500000e-10 4.981667e-04
6.600000e-10 4.995475e-04
6.700000e-10 5.009232e-04
6.800000e-10 5.022939e-04
6.900000e-10 5.036594e-04
7.000000e-10 5.050195e-04
7.100000e-10 5.063742e-04
7.200000e-10 5.077234e-04
7.300000e-10 5.090670e-04
7.400000e-10 5.104048e-04
7.500000e-10 5.117368e-04
7.600000e-10 5.130629e-04
7.700000e-10 5.143830e-04
7.800000e-10 5.156969e-04
7.900000e-10 5.170046e-04
8.000000e-10 5.183059e-04
8.100000e-10 5.196008e-04
8.200000e-10 5.208892e-04
8.300000e-10 5.221710e-04
8.400000e-10 5.234461e-04
8.500000e-10 5.247144e-04
8.600000e-10 5.259758e-04
8.700000e-10 5.272303e-04
8.800000e-10 5.284776e-04
8.900000e-10 5.297179e-04
9.000000e-10 5.309508e-04
9.100000e-10 5.321765e-04
9.200000e-10 5.333947e-04
9.300000e-10 5.346054e-04
9.400000e-10 5.358086e-04
9.500000e-10 5.370041e-04
9.600000e-10 5.381919e-04
9.700000e-10 5.393718e-04
9.800000e-10 5.405438e-04
9.900000e-10 5.417079e-04
1.000000e-09 5.428639e-04
1.010000e-09 4.636111e-03
1.020000e-09 8.807743e-03
1.030000e-09 1.305760e-02
1.040000e-09 1.738552e-02
1.050000e-09 2.179135e-02
1.060000e-09 3.090827e-02
1.070000e-09 4.019205e-02
1.080000e-09 4.964228e-02
1.090000e-09 5.925856e-02
1.100000e-09 6.904049e-02
1.110000e-09 8.020272e-02
1.120000e-09 8.745540e-02
1.130000e-09 9.481175e-02
1.140000e-09 1.022714e-01
1.150000e-09 1.098341e-01
1.160000e-09 1.178559e-01
1.170000e-09 1.213417e-01
1.180000e-09 1.248354e-01
1.190000e-09 1.283368e-01
1.200000e-09 1.318458e-01
1.210000e-09 1.333401e-01
1.220000e-09 1.335921e-01
1.230000e-09 1.337992e-01
1.240000e-09 1.339614e-01
1.250000e-09 1.340790e-01
1.260000e-09 1.291622e-01
1.270000e-09 1.237602e-01
1.280000e-09 1.182348e-01
1.290000e-09 1.125862e-01
1.300000e-09 1.068149e-01
1.310000e-09 9.763618e-02
1.320000e-09 9.029631e-02
1.330000e-09 8.280827e-02
1.340000e-09 7.517238e-02
1.350000e-09 6.738895e-02
1.360000e-09 5.945830e-02
1.370000e-09 5.637058e-02
1.380000e-09 5.322063e-02
1.390000e-09 5.000857e-02
1.400000e-09 4.673452e-02
1.410000e-09 4.339859e-02
1.420000e-09 4.328580e-02
1.430000e-09 4.317267e-02
1.440000e-09 4.305920e-02
1.450000e-09 4.294539e-02
1.460000e-09 4.283126e-02
1.470000e-09 4.271681e-02
1.480000e-09 4.260203e-02
1.490000e-09 4.248693e-02
1.500000e-09 4.237153e-02
1.510000e-09 4.225581e-02
1.520000e-09 4.213980e-02
1.530000e-09 4.202348e-02
1.540000e-09 4.190686e-02
1.550000e-09 4.178996e-02
1.560000e-09 4.167277e-02
1.570000e-09 4.155529e-02
1.580000e-09 4.143753e-02
1.590000e-09 4.131950e-02
1.600000e-09 4.120120e-02
1.610000e-09 4.108263e-02
1.620000e-09 4.096379e-02
1.630000e-09 4.084470e-02
1.640000e-09 4.072535e-02
1.650000e-09 4.060575e-02
1.660000e-09 4.048590e-02
1.670000e-09 4.036580e-02
1.680000e-09 4.024547e-02
1.690000e-09 4.012490e-02
1.700000e-09 4.000410e-02
1.710000e-09 3.988307e-02
1.720000e-09 3.976182e-02
1.730000e-09 3.964034e-02
1.740000e-09 3.951865e-02
1.750000e-09 3.939675e-02
1.760000e-09 3.927463e-02
1.770000e-09 3.915231e-02
1.780000e-09 3.902979e-02
1.790000e-09 3.890708e-02
1.800000e-09 3.878416e-02
1.810000e-09 3.866106e-02
1.820000e-09 3.853777e-02
1.830000e-09 3.841430e-02
1.840000e-09 3.829065e-02
1.850000e-09 3.816682e-02
1.860000e-09 3.804282e-02
1.870000e-09 3.791866e-02
1.880000e-09 3.779433e-02
1.890000e-09 3.766984e-02
1.900000e-09 3.754519e-02
1.910000e-09 3.742038e-02
1.920000e-09 3.729543e-02
1.930000e-09 3.717033e-02
1.940000e-09 3.704509e-02
1.950000e-09 3.691971e-02
1.960000e-09 3.679419e-02
1.970000e-09 3.666854e-02
1.980000e-09 3.654276e-02
1.990000e-09 3.641686e-02
2.000000e-09 3.629083e-02
2.010000e-09 3.623257e-02
2.020000e-09 3.617684e-02
2.030000e-09 3.612367e-02
2.040000e-09 3.607306e-02
2.050000e-09 3.602505e-02
2.060000e-09 3.605576e-02
2.070000e-09 3.609196e-02
2.080000e-09 3.613367e-02
2.090000e-09 3.618095e-02
2.100000e-09 3.623383e-02
2.110000e-09 3.631024e-02
2.120000e-09 3.632512e-02
2.130000e-09 3.634376e-02
2.140000e-09 3.636619e-02
2.150000e-09 3.639242e-02
2.160000e-09 3.645839e-02
2.170000e-09 3.645336e-02
2.180000e-09 3.645061e-02
2.190000e-09 3.645014e-02
2.200000e-09 3.645197e-02
2.210000e-09 3.642460e-02
2.220000e-09 3.638029e-02
2.230000e-09 3.633624e-02
2.240000e-09 3.629244e-02
2.250000e-09 3.624889e-02
2.260000e-09 3.609357e-02
2.270000e-09 3.589846e-02
2.280000e-09 3.569821e-02
2.290000e-09 3.549277e-02
2.300000e-09 3.528213e-02
2.310000e-09 3.501196e-02
2.320000e-09 3.476604e-02
2.330000e-09 3.451417e-02
2.340000e-09 3.425632e-02
2.350000e-09 3.399246e-02
2.360000e-09 3.372255e-02
2.370000e-09 3.355858e-02
2.380000e-09 3.339259e-02
2.390000e-09 3.322457e-02
2.400000e-09 3.305451e-02
2.410000e-09 3.288241e-02
2.420000e-09 3.276253e-02
2.430000e-09 3.264256e-02
2.440000e-09 3.252250e-02
2.450000e-09 3.240236e-02
2.460000e-09 3.228215e-02
2.470000e-09 3.216185e-02
2.480000e-09 3.204148e-02
2.490000e-09 3.192104e-02
2.500000e-09 3.180053e-02
2.510000e-09 3.167996e-02
2.520000e-09 3.155932e-02
2.530000e-09 3.143863e-02
2.540000e-09 3.131788e-02
2.550000e-09 3.119708e-02
2.560000e-09 3.107622e-02
2.570000e-09 3.095532e-02
2.580000e-09 3.083438e-02
2.590000e-09 3.071339e-02
2.600000e-09 3.059237e-02
2.610000e-09 3.047130e-02
2.620000e-09 3.035021e-02
2.630000e-09 3.022908e-02
2.640000e-09 3.010793e-02
2.650000e-09 2.998675e-02
2.660000e-09 2.986555e-02
2.670000e-09 2.974434e-02
2.680000e-09 2.962310e-02
2.690000e-09 2.950185e-02
2.700000e-09 2.938059e-02
2.710000e-09 2.925932e-02
2.720000e-09 2.913805e-02
2.730000e-09 2.901677e-02
2.740000e-09 2.889550e-02
2.750000e-09 2.877422e-02
2.760000e-09 2.865295e-02
2.770000e-09 2.853169e-02
2.780000e-09 2.841044e-02
2.790000e-09 2.828920e-02
2.800000e-09 2.816797e-02
2.810000e-09 2.804677e-02
2.820000e-09 2.792558e-02
2.830000e-09 2.780442e-02
2.840000e-09 2.768329e-02
2.850000e-09 2.756218e-02
2.860000e-09 2.744110e-02
2.870000e-09 2.732006e-02
2.880000e-09 2.719905e-02
2.890000e-09 2.707808e-02
2.900000e-09 2.695715e-02
2.910000e-09 2.683626e-02
2.920000e-09 2.671542e-02
2.930000e-09 2.659463e-02
2.940000e-09 2.647389e-02
2.950000e-09 2.635320e-02
2.960000e-09 2.623257e-02
2.970000e-09 2.611199e-02
2.980000e-09 2.599147e-02
2.990000e-09 2.587102e-02
3.000000e-09 2.575063e-02
3.010000e-09 2.583351e-02
3.020000e-09 2.592349e-02
3.030000e-09 2.602062e-02
3.040000e-09 2.612491e-02
3.050000e-09 2.623640e-02
3.060000e-09 2.651995e-02
3.070000e-09 2.681673e-02
3.080000e-09 2.712678e-02
3.090000e-09 2.745016e-02
3.100000e-09 2.778691e-02
3.110000e-09 2.807255e-02
3.120000e-09 2.816658e-02
3.130000e-09 2.826520e-02
3.140000e-09 2.836843e-02
3.150000e-09 2.847629e-02
3.160000e-09 2.862318e-02
3.170000e-09 2.861081e-02
3.180000e-09 2.859808e-02
3.190000e-09 2.858499e-02
3.200000e-09 2.857151e-02
3.210000e-09 2.856234e-02
3.220000e-09 2.861702e-02
3.230000e-09 2.867289e-02
3.240000e-09 2.872993e-02
3.250000e-09 2.878813e-02
3.260000e-09 2.864822e-02
3.270000e-09 2.846814e-02
3.280000e-09 2.828127e-02
3.290000e-09 2.808757e-02
3.300000e-09 2.788701e-02
3.310000e-09 2.753616e-02
3.320000e-09 2.716878e-02
3.330000e-09 2.678978e-02
3.340000e-09 2.639910e-02
3.350000e-09 2.599670e-02
3.360000e-09 2.558255e-02
3.370000e-09 2.535583e-02
3.380000e-09 2.512419e-02
3.390000e-09 2.488762e-02
3.400000e-09 2.464609e-02
3.410000e-09 2.439961e-02
3.420000e-09 2.429151e-02
3.430000e-09 2.418332e-02
3.440000e-09 2.407504e-02
3.450000e-09 2.396667e-02
3.460000e-09 2.385821e-02
3.470000e-09 2.374967e-02
3.480000e-09 2.364105e-02
3.490000e-09 2.353236e-02
3.500000e-09 2.342359e-02
3.510000e-09 2.331476e-02
3.520000e-09 2.320586e-02
3.530000e-09 2.309689e-02
3.540000e-09 2.298787e-02
3.550000e-09 2.287879e-02
3.560000e-09 2.276966e-02
3.570000e-09 2.266048e-02
3.580000e-09 2.255126e-02
3.590000e-09 2.244199e-02
3.600000e-09 2.233268e-02
3.610000e-09 2.222333e-02
3.620000e-09 2.211395e-02
3.630000e-09 2.200455e-02
3.640000e-09 2.189511e-02
3.650000e-09 2.178565e-02
3.660000e-09 2.167617e-02
3.670000e-09 2.156667e-02
3.680000e-09 2.145715e-02
3.690000e-09 2.134762e-02
3.700000e-09 2.123809e-02
3.710000e-09 2.112855e-02
3.720000e-09 2.101900e-02
3.730000e-09 2.090946e-02
3.740000e-09 2.079992e-02
3.750000e-09 2.069038e-02
3.760000e-09 2.058086e-02
3.770000e-09 2.047134e-02
3.780000e-09 2.036184e-02
3.790000e-09 2.025236e-02
3.800000e-09 2.014290e-02
3.810000e-09 2.003346e-02
3.820000e-09 1.992405e-02
3.830000e-09 1.981467e-02
3.840000e-09 1.970532e-02
3.850000e-09 1.959600e-02
3.860000e-09 1.948673e-02
3.870000e-09 1.937749e-02
3.880000e-09 1.926829e-02
3.890000e-09 1.915915e-02
3.900000e-09 1.905005e-02
3.910000e-09 1.894100e-02
3.920000e-09 1.883200e-02
3.930000e-09 1.872307e-02
3.940000e-09 1.861419e-02
3.950000e-09 1.850537e-02
3.960000e-09 1.839662e-02
3.970000e-09 1.828794e-02
3.980000e-09 1.817933e-02
3.990000e-09 1.807078e-02
4.000000e-09 1.796232e-02
4.010000e-09 2.174573e-02
4.020000e-09 2.560075e-02
4.030000e-09 2.952721e-02
4.040000e-09 3.352492e-02
4.050000e-09 3.759371e-02
4.060000e-09 4.620400e-02
4.070000e-09 5.496844e-02
4.080000e-09 6.388658e-02
4.090000e-09 7.295799e-02
4.100000e-09 8.218222e-02
4.110000e-09 9.283761e-02
4.120000e-09 9.977268e-02
4.130000e-09 1.068072e-01
4.140000e-09 1.139408e-01
4.150000e-09 1.211731e-01
4.160000e-09 1.288258e-01
4.170000e-09 1.321001e-01
4.180000e-09 1.353828e-01
4.190000e-09 1.386739e-01
4.200000e-09 1.419732e-01
4.210000e-09 1.432540e-01
4.220000e-09 1.432298e-01
4.230000e-09 1.431597e-01
4.240000e-09 1.430439e-01
4.250000e-09 1.428826e-01
4.260000e-09 1.378834e-01
4.270000e-09 1.324393e-01
4.280000e-09 1.268788e-01
4.290000e-09 1.212023e-01
4.300000e-09 1.154100e-01
4.310000e-09 1.063585e-01
4.320000e-09 9.916218e-02
4.330000e-09 9.182939e-02
4.340000e-09 8.436047e-02
4.350000e-09 7.675579e-02
4.360000e-09 6.901570e-02
4.370000e-09 6.593324e-02
4.380000e-09 6.279365e-02
4.390000e-09 5.959708e-02
4.400000e-09 5.634364e-02
4.410000e-09 5.303348e-02
4.420000e-09 5.281059e-02
4.430000e-09 5.258778e-02
4.440000e-09 5.236507e-02
4.450000e-09 5.214246e-02
4.460000e-09 5.191995e-02
4.470000e-09 5.169754e-02
4.480000e-09 5.147524e-02
4.490000e-09 5.125306e-02
4.500000e-09 5.103100e-02
4.510000e-09 5.080906e-02
4.520000e-09 5.058724e-02
4.530000e-09 5.036556e-02
4.540000e-09 5.014402e-02
4.550000e-09 4.992261e-02
4.560000e-09 4.970134e-02
4.570000e-09 4.948023e-02
4.580000e-09 4.925926e-02
4.590000e-09 4.903846e-02
4.600000e-09 4.881781e-02
4.610000e-09 4.859733e-02
4.620000e-09 4.837701e-02
4.630000e-09 4.815687e-02
4.640000e-09 4.793690e-02
4.650000e-09 4.771711e-02
4.660000e-09 4.749751e-02
4.670000e-09 4.727809e-02
4.680000e-09 4.705887e-02
4.690000e-09 4.683984e-02
4.700000e-09 4.662100e-02
4.710000e-09 4.640238e-02
4.720000e-09 4.618395e-02
4.730000e-09 4.596574e-02
4.740000e-09 4.574774e-02
4.750000e-09 4.552996e-02
4.760000e-09 4.531241e-02
4.770000e-09 4.509507e-02
4.780000e-09 4.487797e-02
4.790000e-09 4.466109e-02
4.800000e-09 4.444445e-02
4.810000e-09 4.422805e-02
4.820000e-09 4.401190e-02
4.830000e-09 4.379598e-02
4.840000e-09 4.358032e-02
4.850000e-09 4.336491e-02
4.860000e-09 4.314976e-02
4.870000e-09 4.293487e-02
4.880000e-09 4.272024e-02
4.890000e-09 4.250587e-02
4.900000e-09 4.229178e-02
4.910000e-09 4.207796e-02
4.920000e-09 4.186441e-02
4.930000e-09 4.165115e-02
4.940000e-09 4.143816e-02
4.950000e-09 4.122547e-02
4.960000e-09 4.101306e-02
4.970000e-09 4.080094e-02
4.980000e-09 4.058912e-02
4.990000e-09 4.037760e-02
5.000000e-09 4.016637e-02
5.010000e-09 4.022364e-02
5.020000e-09 4.029072e-02
5.030000e-09 4.036766e-02
5.040000e-09 4.045450e-02
5.050000e-09 4.055128e-02
5.060000e-09 4.089688e-02
5.070000e-09 4.126121e-02
5.080000e-09 4.164432e-02
5.090000e-09 4.204631e-02
5.100000e-09 4.246725e-02
5.110000e-09 4.286139e-02
5.120000e-09 4.300531e-02
5.130000e-09 4.315777e-02
5.140000e-09 4.331879e-02
5.150000e-09 4.348843e-02
5.160000e-09 4.373703e-02
5.170000e-09 4.375764e-02
5.180000e-09 4.378048e-02
5.190000e-09 4.380554e-02
5.200000e-09 4.383282e-02
5.210000e-09 4.383524e-02
5.220000e-09 4.388406e-02
5.230000e-09 4.393456e-02
5.240000e-09 4.398670e-02
5.250000e-09 4.404047e-02
5.260000e-09 4.378668e-02
5.270000e-09 4.345326e-02
5.280000e-09 4.310826e-02
5.290000e-09 4.275160e-02
5.300000e-09 4.238320e-02
5.310000e-09 4.180769e-02
5.320000e-09 4.124064e-02
5.330000e-09 4.065652e-02
5.340000e-09 4.005527e-02
5.350000e-09 3.943681e-02
5.360000e-09 3.880106e-02
5.370000e-09 3.845711e-02
5.380000e-09 3.810662e-02
5.390000e-09 3.774955e-02
5.400000e-09 3.738590e-02
5.410000e-09 3.701563e-02
5.420000e-09 3.683402e-02
5.430000e-09 3.665247e-02
5.440000e-09 3.647099e-02
5.450000e-09 3.628958e-02
5.460000e-09 3.610825e-02
5.470000e-09 3.592699e-02
5.480000e-09 3.574582e-02
5.490000e-09 3.556473e-02
5.500000e-09 3.538373e-02
5.510000e-09 3.520283e-02
5.520000e-09 3.502203e-02
5.530000e-09 3.484132e-02
5.540000e-09 3.466073e-02
5.550000e-09 3.448024e-02
5.560000e-09 3.429987e-02
5.570000e-09 3.411961e-02
5.580000e-09 3.393948e-02
5.590000e-09 3.375947e-02
5.600000e-09 3.357959e-02
5.610000e-09 3.339984e-02
5.620000e-09 3.322023e-02
5.630000e-09 3.304076e-02
5.640000e-09 3.286143e-02
5.650000e-09 3.268225e-02
5.660000e-09 3.250322e-02
5.670000e-09 3.232434e-02
5.680000e-09 3.214562e-02
5.690000e-09 3.196706e-02
5.700000e-09 3.178867e-02
5.710000e-09 3.161044e-02
5.720000e-09 3.143239e-02
5.730000e-09 3.125451e-02
5.740000e-09 3.107681e-02
5.750000e-09 3.089929e-02
5.760000e-09 3.072196e-02
5.770000e-09 3.054482e-02
5.780000e-09 3.036787e-02
5.790000e-09 3.019111e-02
5.800000e-09 3.001455e-02
5.810000e-09 2.983820e-02
5.820000e-09 2.966205e-02
5.830000e-09 2.948610e-02
5.840000e-09 2.931037e-02
5.850000e-09 2.913486e-02
5.860000e-09 2.895956e-02
5.870000e-09 2.878449e-02
5.880000e-09 2.860964e-02
5.890000e-09 2.843501e-02
5.900000e-09 2.826062e-02
5.910000e-09 2.808646e-02
5.920000e-09 2.791254e-02
5.930000e-09 2.773886e-02
5.940000e-09 2.756542e-02
5.950000e-09 2.739223e-02
5.960000e-09 2.721928e-02
5.970000e-09 2.704659e-02
5.980000e-09 2.687415e-02
5.990000e-09 2.670197e-02
6.000000e-09 2.653005e-02
6.010000e-09 2.636130e-02
6.020000e-09 2.619299e-02
6.030000e-09 2.602513e-02
6.040000e-09 2.585773e-02
6.050000e-09 2.569080e-02
6.060000e-09 2.552645e-02
6.070000e-09 2.536271e-02
6.080000e-09 2.519960e-02
6.090000e-09 2.503712e-02
6.100000e-09 2.487527e-02
6.110000e-09 2.471327e-02
6.120000e-09 2.454897e-02
6.130000e-09 2.438511e-02
6.140000e-09 2.422169e-02
6.150000e-09 2.405871e-02
6.160000e-09 2.389616e-02
6.170000e-09 2.373196e-02
6.180000e-09 2.356806e-02
6.190000e-09 2.340448e-02
6.200000e-09 2.324122e-02
6.210000e-09 2.307854e-02
6.220000e-09 2.291699e-02
6.230000e-09 2.275584e-02
6.240000e-09 2.259508e-02
6.250000e-09 2.243471e-02
6.260000e-09 2.227264e-02
6.270000e-09 2.211086e-02
6.280000e-09 2.194934e-02
6.290000e-09 2.178810e-02
6.300000e-09 2.162712e-02
6.310000e-09 2.146408e-02
6.320000e-09 2.130090e-02
6.330000e-09 2.113782e-02
6.340000e-09 2.097485e-02
6.350000e-09 2.081197e-02
6.360000e-09 2.064919e-02
6.370000e-09 2.048859e-02
6.380000e-09 2.032821e-02
6.390000e-09 2.016805e-02
6.400000e-09 2.000811e-02
6.410000e-09 1.984839e-02
6.420000e-09 1.969122e-02
6.430000e-09 1.953443e-02
6.440000e-09 1.937799e-02
6.450000e-09 1.922193e-02
6.460000e-09 1.906623e-02
6.470000e-09 1.891091e-02
6.480000e-09 1.875596e-02
6.490000e-09 1.860138e-02
6.500000e-09 1.844718e-02
6.510000e-09 1.829336e-02
6.520000e-09 1.813992e-02
6.530000e-09 1.798686e-02
6.540000e-09 1.783418e-02
6.550000e-09 1.768189e-02
6.560000e-09 1.752999e-02
6.570000e-09 1.737847e-02
6.580000e-09 1.722735e-02
6.590000e-09 1.707661e-02
6.600000e-09 1.692627e-02
6.610000e-09 1.677633e-02
6.620000e-09 1.662678e-02
6.630000e-09 1.647763e-02
6.640000e-09 1.632888e-02
6.650000e-09 1.618053e-02
6.660000e-09 1.603258e-02
6.670000e-09 1.588504e-02
6.680000e-09 1.573790e-02
6.690000e-09 1.559117e-02
6.700000e-09 1.544484e-02
6.710000e-09 1.529893e-02
6.720000e-09 1.515343e-02
6.730000e-09 1.500834e-02
6.740000e-09 1.486366e-02
6.750000e-09 1.471940e-02
6.760000e-09 1.457556e-02
6.770000e-09 1.443213e-02
6.780000e-09 1.428912e-02
6.790000e-09 1.414653e-02
6.800000e-09 1.400437e-02
6.810000e-09 1.386263e-02
6.820000e-09 1.372131e-02
6.830000e-09 1.358041e-02
6.840000e-09 1.343994e-02
6.850000e-09 1.329990e-02
6.860000e-09 1.316029e-02
6.870000e-09 1.302111e-02
6.880000e-09 1.288236e-02
6.890000e-09 1.274404e-02
6.900000e-09 1.260615e-02
6.910000e-09 1.246870e-02
6.920000e-09 1.233168e-02
6.930000e-09 1.219510e-02
6.940000e-09 1.205895e-02
6.950000e-09 1.192325e-02
6.960000e-09 1.178798e-02
6.970000e-09 1.165316e-02
6.980000e-09 1.151877e-02
6.990000e-09 1.138483e-02
7.000000e-09 1.125133e-02
7.010000e-09 1.521037e-02
7.020000e-09 1.924825e-02
7.030000e-09 2.336481e-02
7.040000e-09 2.755989e-02
7.050000e-09 3.183332e-02
7.060000e-09 4.081832e-02
7.070000e-09 4.997062e-02
7.080000e-09 5.928983e-02
7.090000e-09 6.877556e-02
7.100000e-09 7.842740e-02
7.110000e-09 8.945999e-02
7.120000e-09 9.658350e-02
7.130000e-09 1.038111e-01
7.140000e-09 1.111426e-01
7.150000e-09 1.185775e-01
7.160000e-09 1.264719e-01
7.170000e-09 1.298309e-01
7.180000e-09 1.331982e-01
7.190000e-09 1.365736e-01
7.200000e-09 1.399572e-01
7.210000e-09 1.413266e-01
7.220000e-09 1.414541e-01
7.230000e-09 1.415371e-01
7.240000e-09 1.415757e-01
7.250000e-09 1.415702e-01
7.260000e-09 1.365307e-01
7.270000e-09 1.310066e-01
7.280000e-09 1.253595e-01
7.290000e-09 1.195897e-01
7.300000e-09 1.136976e-01
7.310000e-09 1.043987e-01
7.320000e-09 9.693900e-02
7.330000e-09 8.933164e-02
7.340000e-09 8.157690e-02
7.350000e-09 7.367510e-02
7.360000e-09 6.562656e-02
7.370000e-09 6.242142e-02
7.380000e-09 5.915453e-02
7.390000e-09 5.582601e-02
7.400000e-09 5.243598e-02
7.410000e-09 4.898455e-02
7.420000e-09 4.875673e-02
7.430000e-09 4.852905e-02
7.440000e-09 4.830151e-02
7.450000e-09 4.807412e-02
7.460000e-09 4.784688e-02
7.470000e-09 4.761979e-02
7.480000e-09 4.739287e-02
7.490000e-09 4.716611e-02
7.500000e-09 4.693951e-02
7.510000e-09 4.671309e-02
7.520000e-09 4.648685e-02
7.530000e-09 4.626079e-02
7.540000e-09 4.603492e-02
7.550000e-09 4.580923e-02
7.560000e-09 4.558374e-02
7.570000e-09 4.535845e-02
7.580000e-09 4.513336e-02
7.590000e-09 4.490848e-02
7.600000e-09 4.468381e-02
7.610000e-09 4.445935e-02
7.620000e-09 4.423512e-02
7.630000e-09 4.401110e-02
7.640000e-09 4.378732e-02
7.650000e-09 4.356376e-02
7.660000e-09 4.334045e-02
7.670000e-09 4.311737e-02
7.680000e-09 4.289453e-02
7.690000e-09 4.267194e-02
7.700000e-09 4.244960e-02
7.710000e-09 4.222752e-02
7.720000e-09 4.200569e-02
7.730000e-09 4.178413e-02
7.740000e-09 4.156283e-02
7.750000e-09 4.134180e-02
7.760000e-09 4.112105e-02
7.770000e-09 4.090057e-02
7.780000e-09 4.068037e-02
7.790000e-09 4.046046e-02
7.800000e-09 4.024084e-02
7.810000e-09 4.002151e-02
7.820000e-09 3.980247e-02
7.830000e-09 3.958374e-02
7.840000e-09 3.936530e-02
7.850000e-09 3.914717e-02
7.860000e-09 3.892935e-02
7.870000e-09 3.871184e-02
7.880000e-09 3.849465e-02
7.890000e-09 3.827778e-02
7.900000e-09 3.806123e-02
7.910000e-09 3.784501e-02
7.920000e-09 3.762912e-02
7.930000e-09 3.741356e-02
7.940000e-09 3.719834e-02
7.950000e-09 3.698345e-02
7.960000e-09 3.676891e-02
7.970000e-09 3.655471e-02
7.980000e-09 3.634087e-02
7.990000e-09 3.612737e-02
8.000000e-09 3.591423e-02
8.010000e-09 3.576934e-02
8.020000e-09 3.562745e-02
8.030000e-09 3.548858e-02
8.040000e-09 3.535277e-02
8.050000e-09 3.522003e-02
8.060000e-09 3.516648e-02
8.070000e-09 3.511889e-02
8.080000e-09 3.507730e-02
8.090000e-09 3.504174e-02
8.100000e-09 3.501225e-02
8.110000e-09 3.500677e-02
8.120000e-09 3.494023e-02
8.130000e-09 3.487793e-02
8.140000e-09 3.481988e-02
8.150000e-09 3.476610e-02
8.160000e-09 3.475254e-02
8.170000e-09 3.466844e-02
8.180000e-09 3.458709e-02
8.190000e-09 3.450849e-02
8.200000e-09 3.443266e-02
8.210000e-09 3.432809e-02
8.220000e-09 3.420706e-02
8.230000e-09 3.408675e-02
8.240000e-09 3.396716e-02
8.250000e-09 3.384828e-02
8.260000e-09 3.361808e-02
8.270000e-09 3.334857e-02
8.280000e-09 3.307438e-02
8.290000e-09 3.279547e-02
8.300000e-09 3.251182e-02
8.310000e-09 3.216910e-02
8.320000e-09 3.185108e-02
8.330000e-09 3.152758e-02
8.340000e-09 3.119856e-02
8.350000e-09 3.086398e-02
8.360000e-09 3.052382e-02
8.370000e-09 3.029004e-02
8.380000e-09 3.005471e-02
8.390000e-09 2.981781e-02
8.400000e-09 2.957932e-02
8.410000e-09 2.933925e-02
8.420000e-09 2.915184e-02
8.430000e-09 2.896480e-02
8.440000e-09 2.877813e-02
8.450000e-09 2.859182e-02
8.460000e-09 2.840589e-02
8.470000e-09 2.822032e-02
8.480000e-09 2.803514e-02
8.490000e-09 2.785033e-02
8.500000e-09 2.766590e-02
8.510000e-09 2.748185e-02
8.520000e-09 2.729819e-02
8.530000e-09 2.711491e-02
8.540000e-09 2.693203e-02
8.550000e-09 2.674953e-02
8.560000e-09 2.656742e-02
8.570000e-09 2.638571e-02
8.580000e-09 2.620440e-02
8.590000e-09 2.602348e-02
8.600000e-09 2.584296e-02
8.610000e-09 2.566285e-02
8.620000e-09 2.548314e-02
8.630000e-09 2.530384e-02
8.640000e-09 2.512495e-02
8.650000e-09 2.494646e-02
8.660000e-09 2.476839e-02
8.670000e-09 2.459073e-02
8.680000e-09 2.441349e-02
8.690000e-09 2.423666e-02
8.700000e-09 2.406026e-02
8.710000e-09 2.388427e-02
8.720000e-09 2.370871e-02
8.730000e-09 2.353357e-02
8.740000e-09 2.335886e-02
8.750000e-09 2.318458e-02
8.760000e-09 2.301072e-02
8.770000e-09 2.283730e-02
8.780000e-09 2.266431e-02
8.790000e-09 2.249175e-02
8.800000e-09 2.231964e-02
8.810000e-09 2.214795e-02
8.820000e-09 2.197671e-02
8.830000e-09 2.180591e-02
8.840000e-09 2.163555e-02
8.850000e-09 2.146564e-02
8.860000e-09 2.129617e-02
8.870000e-09 2.112715e-02
8.880000e-09 2.095857e-02
8.890000e-09 2.079045e-02
8.900000e-09 2.062278e-02
8.910000e-09 2.045556e-02
8.920000e-09 2.028879e-02
8.930000e-09 2.012248e-02
8.940000e-09 1.995663e-02
8.950000e-09 1.979123e-02
8.960000e-09 1.962630e-02
8.970000e-09 1.946182e-02
8.980000e-09 1.929781e-02
8.990000e-09 1.913426e-02
9.000000e-09 1.897118e-02
9.010000e-09 1.901176e-02
9.020000e-09 1.905985e-02
9.030000e-09 1.911547e-02
9.040000e-09 1.917866e-02
9.050000e-09 1.924943e-02
9.060000e-09 1.949267e-02
9.070000e-09 1.974952e-02
9.080000e-09 2.002004e-02
9.090000e-09 2.030427e-02
9.100000e-09 2.060227e-02
9.110000e-09 2.084954e-02
9.120000e-09 2.090559e-02
9.130000e-09 2.096662e-02
9.140000e-09 2.103264e-02
9.150000e-09 2.110367e-02
9.160000e-09 2.121411e-02
9.170000e-09 2.116568e-02
9.180000e-09 2.111727e-02
9.190000e-09 2.106887e-02
9.200000e-09 2.102046e-02
9.210000e-09 2.097674e-02
9.220000e-09 2.099724e-02
9.230000e-09 2.101931e-02
9.240000e-09 2.104293e-02
9.250000e-09 2.106806e-02
9.260000e-09 2.089547e-02
9.270000e-09 2.068307e-02
9.280000e-09 2.046425e-02
9.290000e-09 2.023897e-02
9.300000e-09 2.000719e-02
9.310000e-09 1.962549e-02
9.320000e-09 1.922762e-02
9.330000e-09 1.881849e-02
9.340000e-09 1.839804e-02
9.350000e-09 1.796625e-02
9.360000e-09 1.752305e-02
9.370000e-09 1.726764e-02
9.380000e-09 1.700767e-02
9.390000e-09 1.674311e-02
9.400000e-09 1.647396e-02
9.410000e-09 1.620020e-02
9.420000e-09 1.606519e-02
9.430000e-09 1.593043e-02
9.440000e-09 1.579592e-02
9.450000e-09 1.566167e-02
9.460000e-09 1.552769e-02
9.470000e-09 1.539397e-02
9.480000e-09 1.526051e-02
9.490000e-09 1.512732e-02
9.500000e-09 1.499440e-02
9.510000e-09 1.486175e-02
9.520000e-09 1.472937e-02
9.530000e-09 1.459727e-02
9.540000e-09 1.446545e-02
9.550000e-09 1.433390e-02
9.560000e-09 1.420264e-02
9.570000e-09 1.407166e-02
9.580000e-09 1.394097e-02
9.590000e-09 1.381056e-02
9.600000e-09 1.368045e-02
9.610000e-09 1.355062e-02
9.620000e-09 1.342109e-02
9.630000e-09 1.329185e-02
9.640000e-09 1.316290e-02
9.650000e-09 1.303426e-02
9.660000e-09 1.290592e-02
9.670000e-09 1.277788e-02
9.680000e-09 1.265014e-02
9.690000e-09 1.252271e-02
9.700000e-09 1.239558e-02
9.710000e-09 1.226877e-02
9.720000e-09 1.214226e-02
9.730000e-09 1.201607e-02
9.740000e-09 1.189019e-02
9.750000e-09 1.176463e-02
9.760000e-09 1.163939e-02
9.770000e-09 1.151447e-02
9.780000e-09 1.138986e-02
9.790000e-09 1.126558e-02
9.800000e-09 1.114162e-02
9.810000e-09 1.101799e-02
9.820000e-09 1.089469e-02
9.830000e-09 1.077172e-02
9.840000e-09 1.064907e-02
9.850000e-09 1.052676e-02
9.860000e-09 1.040478e-02
9.870000e-09 1.028314e-02
9.880000e-09 1.016183e-02
9.890000e-09 1.004086e-02
9.900000e-09 9.920230e-03
9.910000e-09 9.799941e-03
9.920000e-09 9.679994e-03
9.930000e-09 9.560390e-03
9.940000e-09 9.441132e-03
9.950000e-09 9.322220e-03
9.960000e-09 9.203656e-03
9.970000e-09 9.085441e-03
9.980000e-09 8.967576e-03
9.990000e-09 8.850063e-03
1.000000e-08 8.732903e-03

